0011100000000010
0011101000000010
0011101100000011
0011110000000100
0011111100000111
0000001001001100
0000011111101001
0000001101110010
0011110100000101
0011111000000110
0000100110111000
0000100101011101
0011100100000001
0011110100100100
0011111000100011
0001000100110100
0001000100111001
0011100100100011
0010000100101100
0010100100100011
0011000100100011
1000100000000100
1000100000001001
1000100000001110
0011100100000000
0011101000000000
0011101100000000
1000000100000000
1000001000000001
1000001100000010
0000000000000100
0000000000001000
0000000000001100
0000000000000000
1111111111111111
